0.03 0.06 0.1 0.819444 2.442 27.482
0.03 0.06 0.075 0.791667 3.361 57.509
0.03 0.06 0.05 0.670833 3.295 83.694
0.03 0.06 0.025 0 0 0
0.03 0.04 0.1 0.8625 3.789 132.052
0.03 0.04 0.075 0.827778 3.573 163.075
0.03 0.04 0.05 0.647222 3.971 186.148
0.03 0.04 0.025 0 0 0
0.03 0.03 0.1 0.754167 4.421 262.328
0.03 0.03 0.075 0.740278 3.529 294.008
0.03 0.03 0.05 0.572222 3.255 316.621
0.03 0.03 0.025 0 0 0
0.03 0.02 0.1 0 0 0
0.03 0.02 0.075 0 0 0
0.03 0.02 0.05 0 0 0
0.03 0.02 0.025 0 0 0
0.03 0.01 0.1 0 0 0
0.03 0.01 0.075 0 0 0
0.03 0.01 0.05 0 0 0
0.03 0.01 0.025 0 0 0
0.02 0.06 0.1 0.815278 5.91 105.04
0.02 0.06 0.075 0.784722 7.321 220.974
0.02 0.06 0.05 0.722222 6.615 327.535
0.02 0.06 0.025 0.573611 6.224 405.672
0.02 0.04 0.1 0.793056 8.304 631.441
0.02 0.04 0.075 0.818056 6.323 748.509
0.02 0.04 0.05 0.745833 6.466 842.333
0.02 0.04 0.025 0.591667 6.017 880.92
0.02 0.03 0.1 0.780556 7.576 1227.89
0.02 0.03 0.075 0.776389 6.444 1344.44
0.02 0.03 0.05 0.723611 6.671 1416.74
0.02 0.03 0.025 0.522222 6.361 1432.36
0.02 0.02 0.1 0.658333 8.326 2114.72
0.02 0.02 0.075 0.655556 8.444 2182.65
