0.01 0.01 0.025 0.75 71.213
0.01 0.01 0.05 0.925 72.93
0.01 0.01 0.075 0.925 72.174
0.01 0.01 0.1 0.95 72.861
0.01 0.03 0.025 0.95 53.56
0.01 0.03 0.05 0.925 67.386
0.01 0.03 0.075 0.95 69.913
0.01 0.03 0.1 0.95 72.195
0.01 0.06 0.025 0.9 49.952
0.01 0.06 0.05 0.925 62.294
0.01 0.06 0.075 0.875 71.278
0.01 0.06 0.1 0.875 71.099
0.015 0.01 0.025 0.3 13.263
0.015 0.01 0.05 0.4 19.58
0.015 0.01 0.075 0.5 21.112
0.015 0.01 0.1 0.7 18.894
0.015 0.03 0.025 0.925 13.642
0.015 0.03 0.05 0.9 17.707
0.015 0.03 0.075 0.95 18.994
0.015 0.03 0.1 0.95 18.647
0.015 0.06 0.025 0.925 12.457
0.015 0.06 0.05 0.85 15.545
0.015 0.06 0.075 0.875 17.519
0.015 0.06 0.1 0.875 17.639
0.02 0.01 0.025 0.4 2.619
0.02 0.01 0.05 0.175 3.565
0.02 0.01 0.075 0.275 4.398
0.02 0.01 0.1 0.275 5.655
0.02 0.03 0.025 0.85 5.655
0.02 0.03 0.05 0.925 6.837
0.02 0.03 0.075 0.925 7.634
0.02 0.03 0.1 0.925 7.304
0.02 0.06 0.025 0.725 4.521
0.02 0.06 0.05 0.875 5.936
0.02 0.06 0.075 0.875 6.488
0.02 0.06 0.1 0.975 6.901
0.03 0.01 0.025 0.375 0.706
0.03 0.01 0.05 0.2 0.774
0.03 0.01 0.075 0.2 0.856
0.03 0.01 0.1 0.3 0.953
0.03 0.03 0.025 0.75 1.134
0.03 0.03 0.05 0.75 1.778
0.03 0.03 0.075 0.825 1.917
0.03 0.03 0.1 0.825 1.966
0.03 0.06 0.025 0.725 1.136
0.03 0.06 0.05 0.75 1.562
0.03 0.06 0.075 0.775 1.745
0.03 0.06 0.1 0.85 1.862