0.03 0.06 0.1 0.872222 3.424 152.504
0.03 0.06 0.075 0.843056 2.813 275.72
0.03 0.06 0.05 0.777778 2.357 407.457
0.03 0.06 0.025 0 0 0
0.03 0.04 0.1 0.781944 3.04 491.61
0.03 0.04 0.075 0.793056 2.632 591.614
0.03 0.04 0.05 0.7125 2.27 691.955
0.03 0.04 0.025 0 0 0
0.03 0.03 0.1 0.513889 2.983 820.344
0.03 0.03 0.075 0.520833 2.596 915.192
0.03 0.03 0.05 0.468056 2.208 1013.64
0.03 0.03 0.025 0 0 0
0.03 0.02 0.1 0 0 0
0.03 0.02 0.075 0 0 0
0.03 0.02 0.05 0 0 0
0.03 0.02 0.025 0 0 0
0.03 0.01 0.1 0 0 0
0.03 0.01 0.075 0 0 0
0.03 0.01 0.05 0 0 0
0.03 0.01 0.025 0 0 0
0.02 0.06 0.1 0.8875 6.412 283.625
0.02 0.06 0.075 0.859722 5.501 534.277
0.02 0.06 0.05 0.809722 3.936 781.517
0.02 0.06 0.025 0.691667 3.253 1105
0.02 0.04 0.1 0.8 5.495 1219.6
0.02 0.04 0.075 0.811111 5.282 1405.39
0.02 0.04 0.05 0.769444 3.725 1558.19
0.02 0.04 0.025 0.625 3.578 1886.13
0.02 0.03 0.1 0.738889 5.471 1823.27
0.02 0.03 0.075 0.748611 4.698 1934.79
0.02 0.03 0.05 0.718056 3.728 2043.52
0.02 0.03 0.025 0.5875 3.085 2423.73
0.02 0.02 0.1 0.505556 5.7 2572.57
0.02 0.02 0.075 0.523611 4.632 2710.42
0.02 0.02 0.05 0.493056 3.727 2846.14
0.02 0.02 0.025 0.331944 3.216 3251.67
0.02 0.01 0.1 0 0 0
0.02 0.01 0.075 0 0 0
0.02 0.01 0.05 0 0 0
0.02 0.01 0.025 0 0 0
0.015 0.06 0.1 0.8875 12.039 443.285
0.015 0.06 0.075 0.865278 15.079 859.101
0.015 0.06 0.05 0.798611 14.37 1263.31
0.015 0.06 0.025 0.697222 11.149 1746.98
0.015 0.04 0.1 0.836111 17.122 1857.28
0.015 0.04 0.075 0.838889 14.982 2126.85
0.015 0.04 0.05 0.804167 12.395 2390.03
0.015 0.04 0.025 0.669444 11.73 2887.07
0.015 0.03 0.1 0.748611 17.106 2959.54
0.015 0.03 0.075 0.75 14.369 6001.19
0.015 0.03 0.05 0.748611 13.17 3350.62
0.015 0.03 0.025 0.609722 11.632 9366.46
0.015 0.02 0.1 0.734722 16.352 4098.42
0.015 0.02 0.075 0.744444 14.562 4228.39
0.015 0.02 0.05 0.672222 14.121 4322.96
