1 0.015 0.0225 0.06 0.125 0 6.078 38.345
1 0.015 0.0225 0.06 0.125 0.901389 110.332 556.99
1 0.015 0.0225 0.06 0.125 0 6.219 40.688
1 0.015 0.0225 0.06 0.125 0.901389 6.202 138.281
1 0.015 0.0225 0.06 0.125 0.901389 6.148 80.852
1 0.015 0.0225 0.06 0.125 0.901389 6.888 40.215
1 0.015 0.0225 0.06 0.125 0.901389 6.709 40.1
1 0.015 0.0225 0.06 0.125 0.9 7.629 39.702
1 0.015 0.0225 0.06 0.125 0.627778 5.958 38.452
1 0.015 0.0225 0.06 0.125 0.931944 6.02 38.18
sigma ratio point leaf_model leaf normal fpfh acc descr_time categ_time
sigma ratio point leaf_model leaf normal fpfh acc descr_time categ_time
sigma ratio point leaf_model leaf normal fpfh acc descr_time categ_time
sigma ratio point leaf_model leaf normal fpfh acc descr_time categ_time
sigma ratio point leaf_model leaf normal fpfh acc descr_time categ_time
sigma ratio point leaf_model leaf normal fpfh acc descr_time categ_time
sigma ratio point leaf_model leaf normal fpfh acc descr_time categ_time
sigma ratio point leaf_model leaf normal fpfh acc descr_time categ_time
0.095 0.999 1 0.015 0.0225 0.06 0.125 0.929167 10.996 38.037
0.096 0.999 1 0.015 0.0225 0.06 0.125 0.929167 9.897 38.721
0.097 0.999 1 0.015 0.0225 0.06 0.125 0.930556 10.581 39.53
0.098 0.999 1 0.015 0.0225 0.06 0.125 0.931944 9.834 38.885
0.099 0.999 1 0.015 0.0225 0.06 0.125 0.931944 9.565 38.285
0.1 0.999 1 0.015 0.0225 0.06 0.125 0.931944 10.76 39.057
0.11 0.999 1 0.015 0.0225 0.06 0.125 0.929167 8.061 39.137
0.12 0.999 1 0.015 0.0225 0.06 0.125 0.929167 9.569 38.403
0.13 0.999 1 0.015 0.0225 0.06 0.125 0.923611 9.751 37.792
0.14 0.999 1 0.015 0.0225 0.06 0.125 0.920833 10.304 39.314
0.15 0.999 1 0.015 0.0225 0.06 0.125 0.920833 10.002 39.681
sigma ratio point leaf_model leaf normal fpfh acc descr_time categ_time
0.1 0.99 1 0.015 0.0225 0.06 0.125 0.931944 10.953 38.817
0.1 0.995 1 0.015 0.0225 0.06 0.125 0.931944 9.053 39.701
0.1 0.999 1 0.015 0.0225 0.06 0.125 0.931944 11.004 38.042
