1 0.03 0.03 0.06 0.3 0.818056 103.327 47.361
1 0.03 0.03 0.06 0.2 0.834722 74.896 47.492
1 0.03 0.03 0.06 0.15 0.855556 42.398 47.408
1 0.03 0.03 0.06 0.125 0.858333 28.563 47.455
1 0.03 0.03 0.06 0.1 0.854167 17.112 47.527
1 0.03 0.03 0.06 0.075 0.8375 8.703 47.736
1 0.03 0.03 0.06 0.05 0.665278 3.855 47.653
1 0.03 0.03 0.045 0.3 0.826389 102.793 47.598
1 0.03 0.03 0.045 0.2 0.840278 75.782 47.775
1 0.03 0.03 0.045 0.15 0.865278 42.172 47.766
1 0.03 0.03 0.045 0.125 0.879167 28.448 47.734
1 0.03 0.03 0.045 0.1 0.880556 17.303 47.947
1 0.03 0.03 0.045 0.075 0.838889 8.791 47.988
1 0.03 0.03 0.045 0.05 0.659722 3.795 47.728
1 0.03 0.03 0.03 0.3 0.813889 108.467 48.145
1 0.03 0.03 0.03 0.2 0.827778 78.694 49.269
1 0.03 0.03 0.03 0.15 0.804167 44.435 49.365
1 0.03 0.03 0.03 0.125 0.784722 29.66 49.184
1 0.03 0.03 0.03 0.1 0.743056 18.187 49.222
1 0.03 0.03 0.03 0.075 0.681944 9.032 48.725
1 0.03 0.03 0.03 0.05 0.426389 4.008 48.002
1 0.03 0.03 0.015 0.3 0 0 0
1 0.03 0.03 0.015 0.2 0 0 0
1 0.03 0.03 0.015 0.15 0 0 0
1 0.03 0.03 0.015 0.125 0 0 0
1 0.03 0.03 0.015 0.1 0 0 0
1 0.03 0.03 0.015 0.075 0 0 0
1 0.03 0.03 0.015 0.05 0 0 0
1 0.03 0.0225 0.06 0.3 0 0 0
1 0.03 0.0225 0.06 0.2 0 0 0
1 0.03 0.0225 0.06 0.15 0 0 0
1 0.03 0.0225 0.06 0.125 0 0 0
1 0.03 0.0225 0.06 0.1 0 0 0
1 0.03 0.0225 0.06 0.075 0 0 0
1 0.03 0.0225 0.06 0.05 0 0 0
1 0.03 0.0225 0.045 0.3 0 0 0
1 0.03 0.0225 0.045 0.2 0 0 0
1 0.03 0.0225 0.045 0.15 0 0 0
1 0.03 0.0225 0.045 0.125 0 0 0
1 0.03 0.0225 0.045 0.1 0 0 0
1 0.03 0.0225 0.045 0.075 0 0 0
1 0.03 0.0225 0.045 0.05 0 0 0
1 0.03 0.0225 0.03 0.3 0 0 0
1 0.03 0.0225 0.03 0.2 0 0 0
1 0.03 0.0225 0.03 0.15 0 0 0
1 0.03 0.0225 0.03 0.125 0 0 0
1 0.03 0.0225 0.03 0.1 0 0 0
1 0.03 0.0225 0.03 0.075 0 0 0
1 0.03 0.0225 0.03 0.05 0 0 0
1 0.03 0.0225 0.015 0.3 0 0 0
1 0.03 0.0225 0.015 0.2 0 0 0
1 0.03 0.0225 0.015 0.15 0 0 0
1 0.03 0.0225 0.015 0.125 0 0 0
1 0.03 0.0225 0.015 0.1 0 0 0
1 0.03 0.0225 0.015 0.075 0 0 0
1 0.03 0.0225 0.015 0.05 0 0 0
1 0.03 0.015 0.06 0.3 0 0 0
1 0.03 0.015 0.06 0.2 0 0 0
1 0.03 0.015 0.06 0.15 0 0 0
1 0.03 0.015 0.06 0.125 0 0 0
1 0.03 0.015 0.06 0.1 0 0 0
1 0.03 0.015 0.06 0.075 0 0 0
1 0.03 0.015 0.06 0.05 0 0 0
1 0.03 0.015 0.045 0.3 0 0 0
1 0.03 0.015 0.045 0.2 0 0 0
1 0.03 0.015 0.045 0.15 0 0 0
1 0.03 0.015 0.045 0.125 0 0 0
1 0.03 0.015 0.045 0.1 0 0 0
1 0.03 0.015 0.045 0.075 0 0 0
1 0.03 0.015 0.045 0.05 0 0 0
1 0.03 0.015 0.03 0.3 0 0 0
1 0.03 0.015 0.03 0.2 0 0 0
1 0.03 0.015 0.03 0.15 0 0 0
1 0.03 0.015 0.03 0.125 0 0 0
1 0.03 0.015 0.03 0.1 0 0 0
1 0.03 0.015 0.03 0.075 0 0 0
1 0.03 0.015 0.03 0.05 0 0 0
1 0.03 0.015 0.015 0.3 0 0 0
1 0.03 0.015 0.015 0.2 0 0 0
1 0.03 0.015 0.015 0.15 0 0 0
1 0.03 0.015 0.015 0.125 0 0 0
1 0.03 0.015 0.015 0.1 0 0 0
1 0.03 0.015 0.015 0.075 0 0 0
1 0.03 0.015 0.015 0.05 0 0 0
1 0.015 0.03 0.06 0.3 0.883333 226.717 179.752
1 0.015 0.03 0.06 0.2 0.883333 161.075 179.37
1 0.015 0.03 0.06 0.15 0.886111 88.827 179.012
1 0.015 0.03 0.06 0.125 0.893056 58.032 178.363
1 0.015 0.03 0.06 0.1 0.897222 33.236 178.446
1 0.015 0.03 0.06 0.075 0.893056 15.624 177.464
1 0.015 0.03 0.06 0.05 0.813889 5.847 176.582
1 0.015 0.03 0.045 0.3 0.911111 228.565 181.908
1 0.015 0.03 0.045 0.2 0.9 163.038 181.398
1 0.015 0.03 0.045 0.15 0.898611 89.037 180.813
1 0.015 0.03 0.045 0.125 0.909722 58.043 180.072
1 0.015 0.03 0.045 0.1 0.918056 33.27 179.342
1 0.015 0.03 0.045 0.075 0.930556 15.567 178.252
1 0.015 0.03 0.045 0.05 0.834722 5.545 176.906
1 0.015 0.03 0.03 0.3 0.904167 234.953 187.473
1 0.015 0.03 0.03 0.2 0.904167 165.764 186.743
1 0.015 0.03 0.03 0.15 0.888889 91.131 184.942
1 0.015 0.03 0.03 0.125 0.890278 59.692 184.132
1 0.015 0.03 0.03 0.1 0.895833 34.28 182.98
1 0.015 0.03 0.03 0.075 0.883333 16.416 181.006
1 0.015 0.03 0.03 0.05 0.7875 5.971 178.685
1 0.015 0.03 0.015 0.3 0 0 0
1 0.015 0.03 0.015 0.2 0 0 0
1 0.015 0.03 0.015 0.15 0 0 0
1 0.015 0.03 0.015 0.125 0 0 0
1 0.015 0.03 0.015 0.1 0 0 0
1 0.015 0.03 0.015 0.075 0 0 0
1 0.015 0.03 0.015 0.05 0 0 0
1 0.015 0.0225 0.06 0.3 0.9 555.388 273.88
1 0.015 0.0225 0.06 0.2 0.898611 402.245 273.12
1 0.015 0.0225 0.06 0.15 0.901389 225.128 272.65
1 0.015 0.0225 0.06 0.125 0.902778 146.643 272.43
1 0.015 0.0225 0.06 0.1 0.9 83.277 272.906
1 0.015 0.0225 0.06 0.075 0.9125 38.509 272.823
1 0.015 0.0225 0.06 0.05 0.883333 11.865 271.831
1 0.015 0.0225 0.045 0.3 0.911111 556.924 277.757
1 0.015 0.0225 0.045 0.2 0.913889 405.277 277.104
1 0.015 0.0225 0.045 0.15 0.920833 226.864 275.968
1 0.015 0.0225 0.045 0.125 0.927778 148.224 276.125
1 0.015 0.0225 0.045 0.1 0.927778 83.69 275.864
1 0.015 0.0225 0.045 0.075 0.930556 38.88 274.373
1 0.015 0.0225 0.045 0.05 0.886111 11.859 272.265
1 0.015 0.0225 0.03 0.3 0.947222 561.796 284.441
1 0.015 0.0225 0.03 0.2 0.940278 408.978 283.355
1 0.015 0.0225 0.03 0.15 0.9375 228.416 281.682
1 0.015 0.0225 0.03 0.125 0.943056 149.539 280.841
1 0.015 0.0225 0.03 0.1 0.934722 84.782 279.55
1 0.015 0.0225 0.03 0.075 0.916667 39.517 277.5
1 0.015 0.0225 0.03 0.05 0.865278 12.441 274.366
1 0.015 0.0225 0.015 0.3 0 0 0
1 0.015 0.0225 0.015 0.2 0 0 0
1 0.015 0.0225 0.015 0.15 0 0 0
1 0.015 0.0225 0.015 0.125 0 0 0
1 0.015 0.0225 0.015 0.1 0 0 0
1 0.015 0.0225 0.015 0.075 0 0 0
1 0.015 0.0225 0.015 0.05 0 0 0
1 0.015 0.015 0.06 0.3 0.798611 3674.98 470.495
1 0.015 0.015 0.06 0.2 0.869444 2771.82 471.68
1 0.015 0.015 0.06 0.15 0.872222 1578.63 472.877
1 0.015 0.015 0.06 0.125 0.884722 1030.28 473.264
1 0.015 0.015 0.06 0.1 0.888889 576.785 475.204
1 0.015 0.015 0.06 0.075 0.905556 254.815 477.129
1 0.015 0.015 0.06 0.05 0.908333 74.023 475.896
1 0.015 0.015 0.045 0.3 0.85 3696.22 478.551
1 0.015 0.015 0.045 0.2 0.894444 2787.3 480.335
1 0.015 0.015 0.045 0.15 0.906944 1587.36 480.308
1 0.015 0.015 0.045 0.125 0.915278 1036.66 480.947
1 0.015 0.015 0.045 0.1 0.933333 579.734 481.52
1 0.015 0.015 0.045 0.075 0.938889 256.642 480.635
1 0.015 0.015 0.045 0.05 0.933333 74.845 478.851
1 0.015 0.015 0.03 0.3 0.844444 3727.5 491.391
1 0.015 0.015 0.03 0.2 0.927778 2810 491.923
1 0.015 0.015 0.03 0.15 0.9375 1601.86 490.292
1 0.015 0.015 0.03 0.125 0.940278 1045.93 489.946
1 0.015 0.015 0.03 0.1 0.933333 584.929 489.744
1 0.015 0.015 0.03 0.075 0.923611 259.275 486.68
1 0.015 0.015 0.03 0.05 0.8875 75.417 482.358
1 0.015 0.015 0.015 0.3 0.880556 4076.01 501.171
1 0.015 0.015 0.015 0.2 0.8875 3074.76 510.524
1 0.015 0.015 0.015 0.15 0.895833 1746.89 514.137
1 0.015 0.015 0.015 0.125 0.918056 1139.04 514.136
1 0.015 0.015 0.015 0.1 0.923611 634.954 513.633
1 0.015 0.015 0.015 0.075 0.886111 280.026 511.044
1 0.015 0.015 0.015 0.05 0.745833 80.744 501.578
